eval_accuracy = 0.5492958
eval_loss = 0.6935805
global_step = 59
loss = 0.6935758
