eval_accuracy = 0.5633803
eval_loss = 0.6876452
global_step = 59
loss = 0.6876251
