eval_accuracy = 0.5633803
eval_loss = 0.69072586
global_step = 59
loss = 0.6907336
