eval_accuracy = 0.5633803
eval_loss = 0.69552547
global_step = 59
loss = 0.69554675
