eval_accuracy = 0.5633803
eval_loss = 0.68977505
global_step = 59
loss = 0.6897495
