eval_accuracy = 0.43661973
eval_loss = 0.7077604
global_step = 59
loss = 0.70775366
