eval_accuracy = 0.43661973
eval_loss = 0.69743913
global_step = 59
loss = 0.69743896
